1.803721200000000000e+07
2.480970000000000000e+07
3.691917000000000000e+07
4.468813900000000000e+07
4.684195500000000000e+07
5.689618900000000000e+07
5.970254200000000000e+07
6.577716500000000000e+07
6.457734200000000000e+07
7.128210000000000000e+07
7.389254100000000000e+07
7.681383600000000000e+07
8.016941700000000000e+07
8.034875300000000000e+07
7.583542500000000000e+07
8.208907300000000000e+07
8.186372300000000000e+07
7.905451800000000000e+07
8.147321700000000000e+07
8.054999300000000000e+07
8.249645400000000000e+07
7.937199200000000000e+07
8.242197200000000000e+07
8.236364000000000000e+07
7.825545600000000000e+07
7.971876600000000000e+07
7.905532600000000000e+07
7.697809300000000000e+07
7.526812100000000000e+07
7.468438100000000000e+07
7.484759000000000000e+07
7.104002500000000000e+07
7.418924400000000000e+07
7.257968300000000000e+07
6.876344000000000000e+07
6.814974600000000000e+07
6.920190400000000000e+07
7.077523000000000000e+07
6.939625400000000000e+07
6.335147300000000000e+07
6.600342700000000000e+07
6.359857600000000000e+07
6.105379500000000000e+07
6.537691900000000000e+07
6.355743700000000000e+07
6.108812800000000000e+07
6.041998800000000000e+07
5.895315800000000000e+07
5.971705100000000000e+07
6.018001600000000000e+07
5.719695000000000000e+07
5.751261200000000000e+07
5.919136600000000000e+07
5.606902100000000000e+07
5.601670400000000000e+07
5.472736700000000000e+07
4.944079700000000000e+07
5.382098700000000000e+07
5.422741400000000000e+07
5.387284500000000000e+07
5.005033400000000000e+07
5.179860100000000000e+07
4.971802800000000000e+07
5.196115800000000000e+07
4.974427200000000000e+07
4.954825700000000000e+07
4.766846800000000000e+07
4.859366700000000000e+07
4.853792900000000000e+07
4.599155300000000000e+07
4.433998100000000000e+07
4.539249100000000000e+07
4.364125600000000000e+07
4.478308500000000000e+07
3.808362000000000000e+07
4.035767300000000000e+07
4.312099000000000000e+07
4.098403300000000000e+07
4.000905600000000000e+07
4.319238100000000000e+07
3.657824200000000000e+07
3.747586900000000000e+07
3.884744900000000000e+07
3.796296400000000000e+07
3.921732400000000000e+07
3.158397600000000000e+07
3.624042000000000000e+07
3.782852600000000000e+07
3.806285100000000000e+07
3.148379400000000000e+07
3.151276100000000000e+07
3.232265200000000000e+07
3.022673800000000000e+07
3.144409400000000000e+07
3.116611800000000000e+07
3.180669000000000000e+07
3.280512100000000000e+07
2.968252000000000000e+07
3.095641700000000000e+07
2.945815600000000000e+07
3.040072700000000000e+07
3.182258700000000000e+07
3.049131300000000000e+07
3.057376700000000000e+07
3.056313700000000000e+07
2.363739500000000000e+07
2.815884000000000000e+07
3.013465100000000000e+07
2.909084500000000000e+07