3.373202830000000000e+08
3.283277565000000000e+08
3.227423635000000000e+08
3.150309770000000000e+08
3.131774615000000000e+08
3.020377140000000000e+08
2.989272935000000000e+08
2.887592170000000000e+08
2.847575960000000000e+08
2.819187150000000000e+08
2.759328735000000000e+08
2.696686170000000000e+08
2.646709885000000000e+08
2.591797440000000000e+08
2.536894115000000000e+08
2.513601745000000000e+08
2.420393870000000000e+08
2.408294495000000000e+08
2.385362385000000000e+08
2.361527270000000000e+08
2.290138460000000000e+08
2.242877365000000000e+08
2.195589260000000000e+08
2.162217840000000000e+08
2.094624705000000000e+08
2.060517460000000000e+08
2.012038485000000000e+08
1.968503255000000000e+08
1.920179555000000000e+08
1.876468375000000000e+08
1.820773450000000000e+08
1.770987370000000000e+08
1.779270595000000000e+08
1.754484445000000000e+08
1.671903165000000000e+08
1.683102705000000000e+08
1.626075720000000000e+08
1.605262710000000000e+08
1.551801765000000000e+08
1.554303005000000000e+08
1.482801270000000000e+08
1.509664545000000000e+08
1.443941985000000000e+08
1.416416170000000000e+08
1.388419500000000000e+08
1.351546595000000000e+08
1.352745200000000000e+08
1.323882410000000000e+08
1.354596165000000000e+08
1.292003985000000000e+08
1.312642485000000000e+08
1.267187030000000000e+08
1.274662340000000000e+08
1.278729295000000000e+08
1.230551840000000000e+08
1.217461255000000000e+08
1.182933725000000000e+08
1.213856945000000000e+08
1.182790520000000000e+08
1.163947230000000000e+08
1.168526525000000000e+08
1.140741120000000000e+08
1.067256205000000000e+08
1.110415745000000000e+08
1.054891580000000000e+08
1.074577300000000000e+08
1.044178115000000000e+08
1.024535760000000000e+08
1.046994890000000000e+08
1.004735380000000000e+08
9.863210550000000000e+07
9.920654450000000000e+07
9.767153100000000000e+07
9.273342500000000000e+07
9.449074550000000000e+07
8.714901250000000000e+07
8.932431850000000000e+07
8.785005250000000000e+07