2.08
8.46
19.16
29.86
40.56
51.26
61.96
72.66
83.36
94.06
104.76
115.46
126.16
136.86
147.56
158.26
168.96
179.66
190.36
201.06
211.76
222.46
233.16
243.86
254.56
265.26
275.96
286.66
297.36
308.06
318.76
329.46
340.16
350.86
361.56
372.26
382.96
393.66
404.36
415.06
425.76
436.46
447.16
457.86
468.56
479.26
489.96
500.66
511.36
522.06
532.76
543.46
554.16
564.86
575.56
586.26
596.96
607.66
618.36
629.06
639.76
650.46
661.16
671.86
682.56
693.26
703.96
714.66
725.36
736.06
746.76
757.46
768.16
778.86
789.56
800.26
810.96
821.66