2.846333100000000000e+07
4.490772925000000000e+07
5.251444300000000000e+07
6.286233400000000000e+07
7.157163800000000000e+07
7.978618575000000000e+07
9.322621725000000000e+07
1.025220025000000000e+08
1.101001195000000000e+08
1.205245537500000000e+08
1.288242927500000000e+08
1.378820830000000000e+08
1.475382967500000000e+08
1.554424675000000000e+08
1.602580020000000000e+08
1.698512857500000000e+08
1.790166817500000000e+08
1.828001680000000000e+08
1.917569390000000000e+08
1.969398367500000000e+08
2.062983025000000000e+08
2.136614235000000000e+08
2.226172150000000000e+08
2.238053240000000000e+08
2.295656075000000000e+08
2.345766212500000000e+08
2.416555812500000000e+08
2.441025595000000000e+08
2.522663012500000000e+08
2.523917385000000000e+08
2.632542875000000000e+08
2.663777700000000000e+08
2.706712145000000000e+08
2.787926995000000000e+08
2.802551680000000000e+08
2.841062995000000000e+08
2.867539535000000000e+08
2.873925430000000000e+08
2.983924370000000000e+08
2.974227605000000000e+08
3.042296930000000000e+08
3.011795485000000000e+08
3.106340620000000000e+08
3.124025560000000000e+08
3.189562320000000000e+08
3.205650965000000000e+08
3.255330730000000000e+08
3.289535425000000000e+08
3.334060400000000000e+08
3.408234895000000000e+08
3.437100800000000000e+08
3.497148995000000000e+08
3.587768955000000000e+08
3.607803110000000000e+08
3.687982825000000000e+08
3.690252670000000000e+08
3.742268740000000000e+08
3.860368065000000000e+08
3.859691425000000000e+08
3.814713065000000000e+08
3.838040320000000000e+08
3.914504030000000000e+08
3.918357560000000000e+08
3.981843525000000000e+08
3.971276980000000000e+08
4.043403190000000000e+08
4.000575160000000000e+08
4.122017390000000000e+08
4.198219560000000000e+08
4.157749500000000000e+08
4.141677170000000000e+08
4.125997565000000000e+08
4.156408185000000000e+08
4.125215835000000000e+08
4.108968480000000000e+08
4.170353085000000000e+08
4.156453280000000000e+08
4.246876395000000000e+08