1.259199450000000000e+07
1.611555900000000000e+07
5.357877000000000000e+06
5.224536500000000000e+06
6.519864000000000000e+06
1.299153650000000000e+07
1.446519350000000000e+07
7.745084000000000000e+06
8.206856500000000000e+06
1.254191700000000000e+07
1.416484150000000000e+07
1.939287000000000000e+07
1.802307200000000000e+07
2.329713150000000000e+07
2.277976600000000000e+07
2.621944050000000000e+07
2.694890400000000000e+07
3.102869200000000000e+07
3.357184400000000000e+07
3.554336800000000000e+07
3.529911450000000000e+07
3.625901050000000000e+07
3.976818750000000000e+07
4.112000600000000000e+07
4.725870200000000000e+07
4.562605850000000000e+07
4.833219700000000000e+07
4.959807200000000000e+07
5.309373600000000000e+07
5.074895100000000000e+07
5.573465750000000000e+07
5.589065600000000000e+07
5.992524500000000000e+07
6.187827350000000000e+07
6.166016000000000000e+07
6.292831600000000000e+07
6.706728400000000000e+07
6.584175900000000000e+07
7.054023900000000000e+07
7.249443800000000000e+07
7.082800850000000000e+07
7.253217150000000000e+07
7.757886550000000000e+07
7.354594450000000000e+07
7.989525050000000000e+07
7.911998200000000000e+07
8.265701150000000000e+07
8.323660250000000000e+07
8.273032850000000000e+07
8.855076600000000000e+07
9.088498400000000000e+07
9.349217150000000000e+07
9.342617650000000000e+07
9.171139600000000000e+07
9.752352600000000000e+07
9.820251550000000000e+07
9.829235100000000000e+07
1.009427775000000000e+08
9.917481200000000000e+07
1.026530050000000000e+08
1.026444040000000000e+08
1.059281225000000000e+08
1.092936975000000000e+08
1.094494975000000000e+08
1.107935625000000000e+08
1.114318360000000000e+08
1.161845660000000000e+08
1.133447720000000000e+08
1.183307280000000000e+08
1.162572540000000000e+08
1.185068405000000000e+08
1.233947990000000000e+08
1.233269170000000000e+08
1.209920725000000000e+08
1.236765170000000000e+08
1.197484645000000000e+08
1.210289795000000000e+08
1.228620780000000000e+08
1.229000485000000000e+08
1.219879865000000000e+08
1.253969525000000000e+08
1.252858710000000000e+08
1.323644675000000000e+08
1.269865110000000000e+08
1.270998700000000000e+08
1.318555295000000000e+08
1.310354645000000000e+08
1.252398565000000000e+08
1.304325385000000000e+08
1.276383960000000000e+08
1.318329890000000000e+08
1.311103775000000000e+08
1.309620665000000000e+08
1.338542960000000000e+08
1.333336575000000000e+08
1.333615145000000000e+08
1.345240655000000000e+08
1.334667945000000000e+08
1.312760185000000000e+08
1.334119695000000000e+08
1.354973740000000000e+08
1.339263440000000000e+08
1.346490880000000000e+08
1.335594760000000000e+08
1.371968345000000000e+08
1.354932370000000000e+08
1.353066760000000000e+08
1.359686965000000000e+08
1.354158745000000000e+08
