2.08
8.95
19.07
29.19
39.31
49.43
59.55
69.67
79.79
89.91
100.03
110.15
120.27
130.39
140.51
150.63
160.75
170.87
180.99
191.11
201.23
211.35
221.47
231.59
241.71
251.83
261.95
272.07
282.19
292.31
302.43
312.55
322.67
332.79
342.91
353.03
363.15
373.27
383.39
393.51
403.63
413.75
423.87
433.99
444.11
454.23
464.35
474.47
484.59
494.71
504.83
514.95
525.07
535.19
545.31
555.43
565.55
575.67
585.79
595.91
606.03
616.15
626.27
636.39
646.51
656.63
666.75
676.87
686.99
697.11
707.23
717.35
727.47
737.59
747.71
757.83
767.95
778.07
788.19
798.31