4.319922250000000000e+07
6.791487100000000000e+07
8.806358000000000000e+07
1.112605110000000000e+08
1.262192280000000000e+08
1.404981380000000000e+08
1.588427985000000000e+08
1.680652225000000000e+08
1.799461850000000000e+08
1.961904010000000000e+08
1.941529375000000000e+08
2.073487455000000000e+08
2.197855085000000000e+08
2.221913615000000000e+08
2.256963110000000000e+08
2.308616125000000000e+08
2.339255370000000000e+08
2.320698845000000000e+08
2.389029840000000000e+08
2.449881955000000000e+08
2.482068085000000000e+08
2.566893085000000000e+08
2.551813585000000000e+08
2.545751460000000000e+08
2.563093210000000000e+08
2.626988680000000000e+08
2.640656485000000000e+08
2.590457745000000000e+08
2.624650375000000000e+08
2.677504815000000000e+08
2.660669220000000000e+08
2.745281540000000000e+08
2.715382655000000000e+08
2.703550110000000000e+08
2.713717665000000000e+08
2.671286300000000000e+08
2.785327290000000000e+08
2.730254095000000000e+08
2.753799860000000000e+08
2.835354615000000000e+08
2.800325640000000000e+08
2.815059885000000000e+08
2.824523770000000000e+08
2.829132570000000000e+08
2.843253295000000000e+08
2.836987260000000000e+08
2.855903440000000000e+08
2.821583985000000000e+08
2.798503525000000000e+08
2.829302675000000000e+08
2.822954100000000000e+08
2.785607495000000000e+08
2.819029640000000000e+08
2.753840135000000000e+08
2.855307930000000000e+08
2.765318455000000000e+08
2.832169150000000000e+08
2.807314020000000000e+08
2.819993610000000000e+08
2.830746390000000000e+08
2.779954595000000000e+08
2.782256495000000000e+08
2.868831665000000000e+08
2.846764390000000000e+08
2.859918705000000000e+08
2.860697475000000000e+08
2.850536805000000000e+08
2.854727670000000000e+08
2.826776860000000000e+08
2.837408645000000000e+08
2.895439475000000000e+08
2.882665230000000000e+08
2.841931960000000000e+08
2.911251965000000000e+08
2.852033735000000000e+08
2.842822910000000000e+08
2.811905800000000000e+08
2.840904785000000000e+08
2.875734225000000000e+08
2.874309765000000000e+08