3.895678925000000000e+07
6.185063175000000000e+07
6.172023462500000000e+07
6.135286775000000000e+07
5.659369575000000000e+07
5.339951462500000000e+07
5.005192500000000000e+07
4.683635287500000000e+07
4.700163662500000000e+07
4.357119775000000000e+07
4.263222800000000000e+07
4.197058100000000000e+07
3.840520612500000000e+07
3.681006262500000000e+07
3.500065975000000000e+07
3.646181612500000000e+07
3.225586862500000000e+07
3.286948975000000000e+07
3.435964375000000000e+07
3.027250612500000000e+07
3.181052950000000000e+07
3.220219412500000000e+07
2.956510612500000000e+07
2.887320575000000000e+07
2.939926812500000000e+07
2.881163062500000000e+07
2.818808600000000000e+07
2.862073300000000000e+07
2.811239812500000000e+07
2.649978887500000000e+07
2.573402600000000000e+07
2.421576287500000000e+07
2.748739950000000000e+07
2.662233400000000000e+07
2.553918037500000000e+07
2.560135775000000000e+07
2.685009175000000000e+07
2.562462887500000000e+07
2.447833100000000000e+07
2.564999200000000000e+07
2.246850925000000000e+07
2.833117175000000000e+07
2.469884462500000000e+07
2.584877600000000000e+07
2.527282575000000000e+07
2.427244237500000000e+07
2.503007950000000000e+07
2.709390725000000000e+07
2.555002462500000000e+07
2.345504775000000000e+07
2.435714862500000000e+07
2.366964300000000000e+07
2.582292037500000000e+07
2.316598000000000000e+07
2.446322500000000000e+07
2.354075287500000000e+07
2.372309487500000000e+07
2.483282550000000000e+07
2.523240500000000000e+07
2.462585350000000000e+07
2.435896062500000000e+07
2.316279375000000000e+07
2.466349462500000000e+07
2.412589462500000000e+07
2.685410750000000000e+07
2.604807037500000000e+07
2.128758750000000000e+07
2.394207375000000000e+07
2.420182212500000000e+07
2.237696125000000000e+07
2.480204325000000000e+07
2.316293400000000000e+07
2.282170437500000000e+07
2.162132775000000000e+07
2.240844437500000000e+07
2.100814600000000000e+07
2.236019950000000000e+07
2.432571862500000000e+07
2.340212212500000000e+07
2.293411437500000000e+07
2.168864037500000000e+07
2.388242837500000000e+07
2.196307700000000000e+07
2.344619525000000000e+07
2.007750287500000000e+07
2.405935400000000000e+07
2.272260437500000000e+07
2.192003925000000000e+07
2.378392262500000000e+07
2.174003887500000000e+07
2.053290062500000000e+07
2.199418900000000000e+07
2.230304862500000000e+07
2.102503862500000000e+07
2.062427700000000000e+07
2.095690975000000000e+07
2.018464125000000000e+07
2.050302500000000000e+07
2.269511525000000000e+07
2.127571775000000000e+07
2.026825375000000000e+07
2.046478812500000000e+07
2.319900525000000000e+07