3.081308450000000000e+07
9.176800362500000000e+07
1.495635565000000000e+08
1.936739612500000000e+08
2.272467325000000000e+08
2.614732707500000000e+08
2.838013755000000000e+08
3.041447060000000000e+08
3.214294915000000000e+08
3.370653785000000000e+08
3.508611040000000000e+08
3.630209465000000000e+08
3.747925880000000000e+08
3.802755680000000000e+08
3.870930235000000000e+08
3.927871375000000000e+08
4.030183625000000000e+08
4.065651320000000000e+08
4.132748945000000000e+08
4.158824530000000000e+08
4.223245715000000000e+08
4.222999655000000000e+08
4.252623995000000000e+08
4.273428490000000000e+08
4.332132880000000000e+08
4.364294350000000000e+08
4.399128865000000000e+08
4.395993310000000000e+08
4.408510595000000000e+08
4.408192170000000000e+08
4.455366800000000000e+08
4.448757095000000000e+08
4.458677320000000000e+08
4.506605830000000000e+08
4.499683275000000000e+08
4.495038140000000000e+08
4.545578740000000000e+08
4.554939505000000000e+08
4.568552535000000000e+08
4.560836470000000000e+08
4.581942690000000000e+08
4.587646600000000000e+08
4.610774735000000000e+08
4.588836355000000000e+08
4.604901770000000000e+08
4.605996235000000000e+08
4.637374390000000000e+08
4.626368880000000000e+08
4.612031610000000000e+08
4.646919960000000000e+08
4.652888015000000000e+08
4.629708720000000000e+08
4.622242735000000000e+08
4.649034040000000000e+08
4.662277380000000000e+08
4.659200260000000000e+08
4.685159690000000000e+08
4.684132580000000000e+08
4.707509590000000000e+08
4.679008340000000000e+08
4.661846770000000000e+08
4.708283460000000000e+08
4.713534110000000000e+08
4.707358175000000000e+08
4.707374520000000000e+08
4.740090015000000000e+08
4.738412230000000000e+08
4.740313585000000000e+08
4.742667415000000000e+08
4.743195600000000000e+08
4.718783775000000000e+08
4.747829320000000000e+08
4.754752735000000000e+08
4.740053780000000000e+08
4.762038290000000000e+08
4.765142645000000000e+08
4.737427850000000000e+08
4.759442665000000000e+08
4.763796420000000000e+08
4.778405060000000000e+08
4.785895710000000000e+08
4.784078740000000000e+08
4.767395215000000000e+08
4.829629905000000000e+08
4.805163750000000000e+08
4.789025550000000000e+08
4.812874075000000000e+08
4.784434810000000000e+08
4.808158800000000000e+08
4.778125950000000000e+08
4.798715730000000000e+08
4.807715945000000000e+08
4.788375790000000000e+08
4.796380765000000000e+08
4.802093520000000000e+08
4.811330080000000000e+08
4.800074615000000000e+08
4.778838520000000000e+08
4.811602075000000000e+08
4.810160265000000000e+08
4.797145005000000000e+08
4.826855340000000000e+08
4.820329050000000000e+08