2.599336350000000000e+07
5.001661150000000000e+07
7.128304400000000000e+07
8.769011000000000000e+07
9.444507800000000000e+07
1.058434995000000000e+08
1.027368115000000000e+08
9.880259100000000000e+07
9.351948250000000000e+07
8.734404850000000000e+07
8.064479800000000000e+07
7.246771550000000000e+07
6.903462300000000000e+07
6.315666900000000000e+07
5.471404050000000000e+07
4.997488950000000000e+07
4.305275600000000000e+07
4.082406200000000000e+07
3.504555450000000000e+07
3.505872750000000000e+07
2.768852925000000000e+07
2.525863600000000000e+07
2.566549375000000000e+07
2.356312575000000000e+07
2.043674250000000000e+07
2.054920400000000000e+07
2.228231500000000000e+07
1.486770975000000000e+07
1.573654400000000000e+07
1.249961500000000000e+07
1.189042175000000000e+07
1.162824000000000000e+07
1.042772925000000000e+07
8.983094500000000000e+06
8.897312000000000000e+06
1.324448750000000000e+07
8.346894000000000000e+06
8.477390000000000000e+06
1.080582825000000000e+07