1.858899500000000000e+07
4.118784800000000000e+07
8.083039300000000000e+07
1.288132675000000000e+08
1.799975160000000000e+08
2.374658680000000000e+08
2.910462530000000000e+08
3.479750555000000000e+08
3.999537425000000000e+08
4.470903425000000000e+08
4.933876625000000000e+08
5.344650350000000000e+08
5.699654580000000000e+08
6.000458980000000000e+08
6.267842420000000000e+08
6.505046670000000000e+08
6.697826540000000000e+08
6.882362050000000000e+08
7.101307700000000000e+08
7.254765570000000000e+08
7.315709880000000000e+08
7.426261030000000000e+08
7.541061890000000000e+08
7.623943950000000000e+08
7.702512680000000000e+08
7.780379840000000000e+08
7.791451430000000000e+08
7.856672030000000000e+08
7.921569660000000000e+08
7.922573110000000000e+08
7.890020530000000000e+08
7.936943680000000000e+08
7.950714560000000000e+08
8.031381020000000000e+08
8.024201550000000000e+08
8.020282400000000000e+08
8.115412660000000000e+08
8.212518290000000000e+08
8.182137750000000000e+08