2.641559775000000000e+08
2.155120400000000000e+08
1.840521830000000000e+08
1.659841560000000000e+08
1.465107515000000000e+08
1.353280655000000000e+08
1.266113582500000000e+08
1.179569515000000000e+08
1.108399602500000000e+08
1.060582380000000000e+08
1.004166560000000000e+08
9.523969075000000000e+07
9.347885000000000000e+07
8.817041100000000000e+07
8.477144900000000000e+07
8.492483775000000000e+07
8.372300300000000000e+07
8.258870975000000000e+07
7.987781900000000000e+07
7.630660875000000000e+07
7.999207525000000000e+07
7.702757525000000000e+07
7.792901125000000000e+07
7.333060625000000000e+07
7.325814100000000000e+07
7.024593200000000000e+07
7.383463150000000000e+07
7.280015150000000000e+07
7.104403100000000000e+07
6.900926400000000000e+07
7.163161350000000000e+07
6.835570750000000000e+07
6.948037400000000000e+07
6.753396900000000000e+07
6.630000200000000000e+07
6.673130600000000000e+07
6.562082500000000000e+07
6.421617400000000000e+07
6.657237775000000000e+07
6.793869225000000000e+07
6.546840700000000000e+07
6.594621950000000000e+07
6.469628975000000000e+07
5.954136100000000000e+07
6.336959775000000000e+07
6.353984350000000000e+07
6.184416850000000000e+07
6.123722875000000000e+07
6.019295225000000000e+07
6.383764875000000000e+07
6.110105900000000000e+07
6.031218025000000000e+07
6.134025625000000000e+07
6.335919400000000000e+07
6.185516400000000000e+07
6.463183000000000000e+07
5.978177950000000000e+07
6.054245700000000000e+07
6.224135700000000000e+07
5.875012400000000000e+07
5.938047750000000000e+07
5.993352350000000000e+07
6.166365775000000000e+07
5.952850800000000000e+07
6.094924025000000000e+07
6.032037000000000000e+07
5.822699275000000000e+07
5.952416475000000000e+07
5.853465250000000000e+07
6.127125075000000000e+07
6.011384550000000000e+07
6.005577500000000000e+07
5.958146025000000000e+07
5.906747625000000000e+07
6.294950700000000000e+07
5.915430325000000000e+07
5.949223425000000000e+07
6.020118400000000000e+07
6.054003250000000000e+07
5.988893825000000000e+07
5.902930175000000000e+07
6.038253275000000000e+07
5.989792575000000000e+07
5.886180575000000000e+07
5.915792825000000000e+07
5.686596050000000000e+07
5.743176950000000000e+07
5.819443125000000000e+07
5.886170700000000000e+07
5.866818200000000000e+07
5.682447675000000000e+07
5.851247700000000000e+07
5.905734550000000000e+07
5.877700475000000000e+07
5.833555075000000000e+07
5.654828350000000000e+07
5.624508550000000000e+07
5.743441625000000000e+07
5.644421525000000000e+07
6.021699400000000000e+07
5.750453700000000000e+07
5.848806075000000000e+07
5.685550100000000000e+07