1.608686730000000000e+08
2.231579210000000000e+08
2.553069560000000000e+08
2.678336030000000000e+08
2.683924410000000000e+08
2.523033470000000000e+08
2.371701980000000000e+08
2.162321130000000000e+08
1.966895750000000000e+08
1.767112070000000000e+08
1.636145440000000000e+08
1.448047880000000000e+08
1.321921780000000000e+08
1.206090630000000000e+08
1.048565640000000000e+08
9.495164300000000000e+07
8.757014200000000000e+07
7.719328200000000000e+07
6.876628600000000000e+07
6.564786200000000000e+07
5.916708850000000000e+07
5.838433000000000000e+07
4.824191300000000000e+07
5.022331400000000000e+07
4.297499000000000000e+07
4.006025500000000000e+07
3.537923850000000000e+07
3.535684950000000000e+07
3.362756450000000000e+07
2.933879600000000000e+07
3.165948550000000000e+07
2.746352150000000000e+07
2.666805950000000000e+07
2.430592300000000000e+07
2.269472950000000000e+07
2.206611250000000000e+07
2.281948600000000000e+07
2.253129650000000000e+07
2.627544450000000000e+07