2.75
17.51
24.89
32.27
39.65
47.03
54.41
61.79
69.17
76.55
83.93
91.31
98.69
106.07
113.45
120.83
128.21
135.59
142.97
150.35
157.73
165.11
172.49
179.87
187.25
194.63
202.01
209.39
216.77
224.15
231.53
238.91
246.29
253.67
261.05
268.43
275.81
283.19
290.57
297.95
305.33
312.71
320.09
327.47
334.85
342.23
349.61
356.99
364.37
371.75
379.13
386.51
393.89
401.27
408.65
416.03
423.41
430.79
438.17
445.55
452.93
460.31
467.69
475.07
482.45
489.83
497.21
504.59
511.97
519.35
526.73
534.11
541.49
548.87
556.25
563.63
571.01
578.39
585.77
593.15
600.53
607.91
615.29
622.67
630.05
637.43
644.81
652.19
659.57
666.95
674.33
681.71
689.09
696.47
703.85
711.23
718.61
725.99
733.37
740.75
748.13
755.51
762.89